FT	ID	AT	WT	ST	
8	2	3	0	5	
15	6	6	0	9	
16	7	6	0	10	
34	37	32	0	2	
47	32	30	0	17	
55	51	50	0	5	
61	47	43	0	18	
68	66	59	0	9	
68	67	59	0	9	
70	60	57	6	7	
71	69	62	0	9	
76	57	53	0	23	
76	54	50	0	26	
83	78	73	3	7	
92	85	83	0	9	
94	86	85	4	5	
95	84	81	0	14	
103	98	97	0	6	
104	89	88	10	6	
119	110	114	0	5	
121	97	97	3	21	
132	104	105	0	27	
136	116	124	0	12	
141	117	126	0	15	
148	122	129	0	19	
157	131	136	0	21	
163	138	146	0	17	
167	148	157	0	10	
171	151	158	0	13	
172	141	150	5	17	
173	129	134	0	39	
183	174	178	1	4	
183	165	169	7	7	
185	158	166	0	19	
188	180	181	2	5	
192	149	157	31	4	
192	152	159	0	33	
201	189	190	0	11	
201	161	168	0	33	
205	171	174	3	28	
209	181	182	13	14	
209	147	156	30	23	
220	194	196	0	24	
225	221	220	0	5	
229	217	217	0	12	
233	204	205	6	22	
234	210	208	14	12	
243	246	238	2	3	
244	239	234	0	10	
246	238	233	0	13	
254	222	220	11	23	
259	223	220	25	14	
266	241	234	0	32	
267	278	261	0	6	
271	252	247	0	24	
279	277	258	0	21	
280	294	277	0	3	
280	280	262	0	18	
285	247	238	38	9	
286	240	234	38	14	
289	293	277	5	7	
292	230	224	30	38	
301	291	277	18	6	
301	245	238	0	63	
303	300	285	9	9	
309	258	249	50	10	
314	312	298	0	16	
316	301	285	8	23	
322	334	320	0	2	
327	298	282	15	30	
329	260	251	67	11	
341	329	317	0	24	
351	333	320	19	12	
356	305	287	51	18	
357	362	354	0	3	
360	288	274	55	31	
364	360	351	0	13	
370	344	335	27	8	
372	379	367	0	5	
378	355	348	25	5	
387	359	351	26	10	
391	401	387	0	4	
393	364	356	0	37	
395	406	390	0	5	
397	400	386	0	11	
397	366	357	25	15	
402	373	367	23	12	
410	374	367	29	14	
411	415	397	0	14	
417	423	404	0	13	
418	427	409	0	9	
422	402	388	23	11	
425	437	421	0	4	
437	460	432	0	5	
439	428	413	19	7	
441	417	398	25	18	
441	416	397	16	28	
449	448	426	0	23	
450	478	447	0	3	
450	433	417	28	5	
451	466	438	0	13	
454	463	436	0	18	
466	482	459	0	7	
471	440	421	33	17	
475	454	429	29	17	
482	475	443	0	39	
485	497	474	0	11	
485	485	465	0	20	
493	457	430	57	6	
493	509	485	0	8	
494	492	468	0	26	
498	470	442	49	7	
504	521	493	2	9	
508	518	489	0	19	
513	526	498	0	15	
516	523	495	5	16	
523	541	515	0	8	
523	530	504	0	19	
523	471	442	62	19	
528	546	521	0	7	
539	487	466	0	73	
541	555	530	0	11	
542	488	466	61	15	
545	474	443	76	26	
553	551	527	0	26	
554	564	536	0	18	
561	489	467	74	20	
566	582	554	0	12	
566	573	547	0	19	
572	583	556	0	16	
574	567	541	0	33	
584	598	569	8	7	
586	588	559	12	15	
599	491	468	119	12	
599	597	567	13	19	
604	604	574	4	26	
608	584	556	14	38	
619	495	472	138	9	
624	505	484	133	7	
632	537	510	117	5	
643	548	525	105	13	
654	561	534	102	18	
665	576	550	95	20	
673	579	552	103	18	
678	581	553	118	7	
696	585	557	127	12	
700	589	561	123	16	

Region A:
	Orders: 147 [Norm:19, Froz:61, VIP:67]
	MotorC: 9  [Norm:5, Froz:3, VIP:1]
	Avg Wait = 17.8503,  Avg Serv = 15.3197
----------------------------------------------------------

FT	ID	AT	WT	ST	
6	3	4	0	2	
11	9	6	0	5	
13	1	2	0	11	
16	8	6	0	10	
23	16	13	0	10	
23	5	6	0	17	
24	23	19	0	5	
30	27	24	0	6	
30	10	6	0	24	
33	18	14	0	19	
37	17	13	0	24	
39	33	30	0	9	
46	43	40	0	6	
61	26	21	0	40	
62	65	58	0	4	
66	28	24	0	42	
68	70	63	0	5	
69	64	58	0	11	
80	79	75	0	5	
86	76	70	0	16	
98	93	93	0	5	
101	90	89	0	12	
110	99	97	0	13	
121	96	96	0	25	
124	109	113	0	11	
132	107	110	0	22	
135	114	123	0	12	
141	121	128	0	13	
144	130	134	0	10	
148	120	128	0	20	
150	139	146	0	4	
154	125	134	0	20	
156	136	141	0	15	
160	126	134	0	26	
162	145	153	0	9	
168	132	137	0	31	
172	163	168	0	4	
180	168	172	0	8	
184	176	179	0	5	
191	177	180	0	11	
194	186	188	0	6	
194	169	172	0	22	
196	184	188	0	8	
207	135	141	0	66	
210	203	204	0	6	
211	183	186	0	25	
213	209	207	0	6	
216	199	202	0	14	
216	193	193	0	23	
222	218	218	0	4	
226	205	206	0	20	
229	226	223	0	6	
229	198	199	0	30	
235	200	202	0	33	
236	231	225	0	11	
239	227	224	0	15	
244	206	206	23	15	
253	235	228	0	25	
256	248	240	0	16	
257	261	251	0	6	
257	257	248	0	9	
261	214	213	32	16	
265	271	256	2	7	
266	274	257	5	4	
266	272	256	2	8	
275	265	254	0	21	
279	284	269	0	10	
285	251	244	32	9	
285	289	275	0	10	
285	285	270	0	15	
291	262	252	0	39	
293	224	220	53	20	
297	308	289	0	8	
302	255	248	45	9	
303	220	220	47	36	
312	315	300	0	12	
319	314	299	0	20	
320	328	316	0	4	
320	275	257	53	10	
332	282	262	50	20	
333	338	323	0	10	
334	322	310	0	24	
344	292	277	52	15	
351	336	322	0	29	
355	354	348	0	7	
358	310	292	46	20	
365	369	361	0	4	
365	339	324	34	7	
371	324	311	40	20	
374	345	336	35	3	
376	376	367	0	9	
377	380	368	0	9	
381	383	373	0	8	
383	341	325	0	58	
387	377	367	0	20	
388	346	338	38	12	
390	403	388	0	2	
391	396	383	0	8	
397	393	380	0	17	
405	412	394	0	11	
406	361	353	37	16	
413	389	378	0	35	
416	352	344	33	39	
417	365	357	42	18	
429	441	421	0	8	
433	446	425	0	8	
438	443	423	0	15	
439	372	365	56	18	
447	473	443	0	4	
451	392	380	54	17	
452	449	427	0	25	
466	481	457	0	9	
467	476	443	0	24	
470	418	400	67	3	
474	411	393	63	18	
477	486	465	0	12	
483	499	477	0	6	
487	420	403	69	15	
488	410	393	61	34	
501	426	405	86	10	
504	528	501	0	3	
507	504	483	0	24	
511	524	497	0	14	
514	536	510	0	4	
516	514	487	0	29	
518	535	508	0	10	
518	532	505	0	13	
518	444	423	78	17	
520	445	424	86	10	
522	544	518	0	4	
534	533	505	0	29	
537	511	486	48	3	
545	515	487	52	6	
547	568	543	0	4	
549	464	437	92	20	
551	574	547	0	4	
552	575	549	0	3	
552	458	431	90	31	
567	562	536	14	17	
569	590	561	0	8	
586	586	558	10	18	
589	605	574	9	6	
596	599	569	0	27	
614	594	565	17	32	

Region B:
	Orders: 144 [Norm:24, Froz:48, VIP:72]
	MotorC: 11  [Norm:6, Froz:3, VIP:2]
	Avg Wait = 11.4792,  Avg Serv = 14.9583
----------------------------------------------------------

FT	ID	AT	WT	ST	
26	20	16	0	10	
36	29	25	0	11	
47	34	30	0	17	
48	36	31	0	17	
51	44	40	0	11	
54	42	38	0	16	
67	56	52	0	15	
69	58	55	0	14	
74	55	51	10	13	
75	73	65	0	10	
86	72	65	0	21	
98	92	93	0	5	
111	105	106	0	5	
112	103	102	0	10	
113	62	57	0	56	
131	113	121	0	10	
137	115	123	0	14	
146	124	131	0	15	
151	133	138	0	13	
152	140	147	0	5	
168	123	131	0	37	
173	150	157	0	16	
177	144	153	7	17	
177	142	151	0	26	
181	154	162	0	19	
198	167	171	17	10	
200	157	165	0	35	
203	173	177	16	10	
207	162	168	0	39	
213	185	188	14	11	
219	175	179	20	20	
222	208	206	1	15	
222	191	192	12	18	
227	207	206	6	15	
249	216	217	6	26	
252	250	243	0	9	
252	229	224	10	18	
256	178	181	60	15	
264	279	261	0	3	
269	256	248	0	21	
272	263	254	0	18	
283	290	276	0	7	
283	179	181	89	13	
296	307	288	1	7	
301	196	197	77	27	
303	197	197	98	8	
308	311	294	0	14	
308	295	280	0	28	
314	319	309	0	5	
324	269	256	0	68	
330	320	310	0	20	
331	318	307	0	24	
333	325	312	6	15	
334	331	320	1	13	
350	342	328	7	15	
352	332	320	7	25	
356	349	340	9	7	
357	335	321	26	10	
368	337	322	24	22	
372	202	204	158	10	
384	242	234	147	3	
386	371	365	0	21	
387	387	376	0	11	
393	213	211	165	17	
397	243	234	152	11	
402	407	390	0	12	
412	419	402	0	10	
412	395	382	0	30	
413	254	247	160	6	
421	435	418	0	3	
430	281	262	161	7	
432	432	415	0	17	
433	270	256	153	24	
437	447	426	0	11	
439	421	403	3	33	
447	450	427	9	11	
460	479	452	0	8	
461	462	435	6	20	
467	283	266	190	11	
470	287	274	183	13	
473	413	394	0	79	
475	490	467	0	8	
483	299	284	193	6	
491	302	285	197	9	
494	512	486	0	8	
495	520	492	0	3	
504	306	287	201	16	
514	313	298	201	15	
525	321	310	209	6	
532	550	526	0	6	
536	323	310	218	8	
540	552	529	0	11	
541	542	515	0	26	
545	565	538	0	7	
546	330	317	213	16	
549	558	530	0	19	
554	348	339	204	11	
556	569	544	6	6	
560	570	545	6	9	
565	368	360	201	4	
575	386	376	192	7	
583	595	567	0	16	
584	592	562	2	20	
584	591	562	0	22	
586	600	570	0	16	
593	394	381	200	12	
608	404	389	214	5	
609	429	414	190	5	
618	480	456	157	5	
623	572	546	5	72	
632	456	429	183	20	
633	483	462	160	11	
648	493	470	173	5	
658	508	485	167	6	
664	498	475	176	13	
676	516	487	176	13	
679	519	491	185	3	
692	522	494	187	11	
695	545	519	169	7	
716	547	525	176	15	
719	554	529	173	17	
741	580	553	182	6	
743	556	530	200	13	
766	593	564	182	20	

Region C:
	Orders: 124 [Norm:10, Froz:49, VIP:65]
	MotorC: 5  [Norm:4, Froz:0, VIP:1]
	Avg Wait = 58.9435,  Avg Serv = 15.4516
----------------------------------------------------------

FT	ID	AT	WT	ST	
17	4	6	0	11	
21	12	8	0	13	
22	22	18	0	4	
34	19	15	0	19	
34	13	8	0	26	
38	21	17	0	21	
40	24	19	0	21	
43	40	35	0	8	
45	31	29	0	16	
48	46	43	0	5	
50	35	30	0	20	
55	48	44	0	11	
61	63	57	0	4	
61	61	57	0	4	
67	53	50	0	17	
75	75	70	0	5	
77	71	63	0	14	
78	59	56	0	22	
82	81	79	0	3	
82	77	72	0	10	
82	74	67	0	15	
90	88	87	0	3	
92	87	86	0	6	
95	80	77	0	18	
97	91	89	0	8	
103	83	79	12	12	
105	100	101	0	4	
106	95	95	0	11	
111	94	94	2	15	
115	108	111	0	4	
117	102	102	0	15	
134	111	114	0	20	
135	106	109	3	23	
138	112	119	0	19	
142	134	139	0	3	
143	118	127	0	16	
153	137	144	0	9	
162	143	153	0	9	
168	156	164	0	4	
168	146	154	0	14	
169	155	164	0	5	
176	164	168	0	8	
177	153	162	0	15	
178	170	172	0	6	
180	159	166	0	14	
189	172	176	0	13	
195	190	191	0	4	
200	182	183	0	17	
211	211	209	0	2	
214	201	203	0	11	
214	187	189	0	25	
223	195	197	0	26	
224	212	210	0	14	
234	233	227	0	7	
248	237	231	0	17	
251	253	247	0	4	
252	244	234	3	15	
256	266	254	0	2	
259	228	224	0	35	
262	264	254	0	8	
265	273	257	0	8	
278	268	256	0	22	
281	267	254	0	27	
282	286	273	0	9	
291	297	280	0	11	
294	303	285	0	9	
307	309	291	0	16	
308	317	303	0	5	
308	304	286	0	22	
312	316	302	0	10	
336	340	325	0	11	
341	343	332	0	9	
351	353	347	0	4	
360	356	348	0	12	
366	367	357	0	9	
367	357	349	0	18	
375	363	356	0	19	
375	358	350	0	25	
386	375	367	0	19	
391	378	367	0	24	
399	414	394	0	5	
399	388	378	6	15	
402	408	391	0	11	
403	385	373	0	30	
412	390	379	14	19	
415	422	403	0	12	
416	430	414	0	2	
417	397	384	29	4	
421	399	385	29	7	
426	439	421	0	5	
436	459	432	0	4	
440	465	437	0	3	
440	424	405	15	20	
441	452	428	0	13	
441	442	423	0	18	
444	467	440	0	4	
447	469	441	0	6	
449	434	418	9	22	
451	472	443	0	8	
466	477	445	2	19	
475	484	464	0	11	
476	494	471	0	5	
485	503	481	0	4	
489	510	485	0	4	
493	501	479	0	14	
496	513	487	0	9	
499	507	484	0	15	
504	525	497	0	7	
504	502	480	0	24	
506	506	484	0	22	
510	517	488	0	22	
517	527	500	0	17	
521	534	508	0	13	
525	540	515	0	10	
535	549	526	0	9	
537	543	516	0	21	
538	560	532	0	6	
544	566	540	0	4	
547	553	529	0	18	
552	559	531	0	21	
553	563	536	0	17	
557	578	551	0	6	
560	571	545	0	15	
567	577	550	0	17	
578	596	567	0	11	
582	603	573	0	9	
585	601	572	0	13	

Region D:
	Orders: 127 [Norm:16, Froz:48, VIP:63]
	MotorC: 15  [Norm:9, Froz:4, VIP:2]
	Avg Wait = 0.976378,  Avg Serv = 12.5197

_________________________________________________________________________
_________________________________________________________________________

Restaurant:
	Orders: 542 [Norm:69, Froz:206, VIP:267]
	MotorC: 40  [Norm:24, Froz:10, VIP:6]
	Avg Wait = 22.3124,  Avg Serv = 14.5623
